
****
h=     0.100000
            x	            y	           yc	            e
 0.0000000000	 1.0000000000	 1.0000000000	 0.00000e+000
 0.1000000000	 1.0100000000	 1.0101793389	 1.79339e-004
 0.2000000000	 1.0411017092	 1.0415390302	 4.37321e-004
 0.3000000000	 1.0947755838	 1.0955571885	 7.81605e-004
 0.4000000000	 1.1728392396	 1.1740611485	 1.22191e-003
 0.5000000000	 1.2774884190	 1.2792586301	 1.77021e-003
 0.6000000000	 1.4113330787	 1.4137740673	 2.44099e-003
 0.7000000000	 1.5774391020	 1.5806906023	 3.25150e-003
 0.8000000000	 1.7793762070	 1.7835983266	 4.22212e-003
 0.9000000000	 2.0212727036	 2.0266494226	 5.37672e-003
 1.0000000000	 2.3078778354	 2.3146209522	 6.74312e-003

****
h=     0.050000
            x	            y	           yc	            e
 0.0000000000	 1.0000000000	 1.0000000000	 0.00000e+000
 0.0500000000	 1.0025000000	 1.0025216199	 2.16199e-005
 0.1000000000	 1.0101313027	 1.0101793389	 4.80362e-005
 0.1500000000	 1.0230476520	 1.0231271112	 7.94592e-005
 0.2000000000	 1.0414229009	 1.0415390302	 1.16129e-004
 0.2500000000	 1.0654518000	 1.0656101186	 1.58319e-004
 0.3000000000	 1.0953508565	 1.0955571885	 2.06332e-004
 0.3500000000	 1.1313592661	 1.1316197754	 2.60509e-004
 0.4000000000	 1.1737399221	 1.1740611485	 3.21226e-004
 0.4500000000	 1.2227805046	 1.2231694018	 3.88897e-004
 0.5000000000	 1.2787946539	 1.2792586301	 4.63976e-004
 0.5500000000	 1.3421232319	 1.3426701922	 5.46960e-004
 0.6000000000	 1.4131356763	 1.4137740673	 6.38391e-004
 0.6500000000	 1.4922314516	 1.4929703093	 7.38858e-004
 0.7000000000	 1.5798416025	 1.5806906023	 8.49000e-004
 0.7500000000	 1.6764304146	 1.6773999249	 9.69510e-004
 0.8000000000	 1.7824971877	 1.7835983266	 1.10114e-003
 0.8500000000	 1.8985781289	 1.8998228240	 1.24470e-003
 0.9000000000	 2.0252483700	 2.0266494226	 1.40105e-003
 0.9500000000	 2.1631241176	 2.1646952706	 1.57115e-003
 1.0000000000	 2.3128649420	 2.3146209522	 1.75601e-003

****
h=     0.025000
            x	            y	           yc	            e
 0.0000000000	 1.0000000000	 1.0000000000	 0.00000e+000
 0.0250000000	 1.0006250000	 1.0006276532	 2.65316e-006
 0.0500000000	 1.0025160173	 1.0025216199	 5.60262e-006
 0.0750000000	 1.0056904536	 1.0056993081	 8.85450e-006
 0.1000000000	 1.0101669236	 1.0101793389	 1.24154e-005
 0.1250000000	 1.0159652762	 1.0159815685	 1.62924e-005
 0.1500000000	 1.0231066183	 1.0231271112	 2.04929e-005
 0.1750000000	 1.0316133385	 1.0316383637	 2.50252e-005
 0.2000000000	 1.0415091327	 1.0415390302	 2.98975e-005
 0.2250000000	 1.0528190296	 1.0528541487	 3.51191e-005
 0.2500000000	 1.0655694192	 1.0656101186	 4.06994e-005
 0.2750000000	 1.0797880804	 1.0798347289	 4.66485e-005
 0.3000000000	 1.0955042115	 1.0955571885	 5.29771e-005
 0.3250000000	 1.1127484603	 1.1128081567	 5.96964e-005
 0.3500000000	 1.1315529574	 1.1316197754	 6.68181e-005
 0.3750000000	 1.1519513484	 1.1520257030	 7.43546e-005
 0.4000000000	 1.1739788295	 1.1740611485	 8.23189e-005
 0.4250000000	 1.1976721833	 1.1977629079	 9.07247e-005
 0.4500000000	 1.2230698159	 1.2231694018	 9.95860e-005
 0.4750000000	 1.2502117958	 1.2503207136	 1.08918e-004
 0.5000000000	 1.2791398945	 1.2792586301	 1.18736e-004
 0.5250000000	 1.3098976272	 1.3100266831	 1.29056e-004
 0.5500000000	 1.3425302968	 1.3426701922	 1.39895e-004
 0.5750000000	 1.3770850380	 1.3772363098	 1.51272e-004
 0.6000000000	 1.4136108635	 1.4137740673	 1.63204e-004
 0.6250000000	 1.4521587121	 1.4523344224	 1.75710e-004
 0.6500000000	 1.4927814976	 1.4929703093	 1.88812e-004
 0.6750000000	 1.5355341602	 1.5357366888	 2.02529e-004
 0.7000000000	 1.5804737195	 1.5806906023	 2.16883e-004
 0.7250000000	 1.6276593286	 1.6278912254	 2.31897e-004
 0.7500000000	 1.6771523306	 1.6773999249	 2.47594e-004
 0.7750000000	 1.7290163173	 1.7292803168	 2.63999e-004
 0.8000000000	 1.7833171888	 1.7835983266	 2.81138e-004
 0.8250000000	 1.8401232158	 1.8404222514	 2.99036e-004
 0.8500000000	 1.8995051037	 1.8998228240	 3.17720e-004
 0.8750000000	 1.9615360591	 1.9618732794	 3.37220e-004
 0.9000000000	 2.0262918576	 2.0266494226	 3.57565e-004
 0.9250000000	 2.0938509146	 2.0942296998	 3.78785e-004
 0.9500000000	 2.1642943581	 2.1646952706	 4.00912e-004
 0.9750000000	 2.2377061033	 2.2381300833	 4.23980e-004
 1.0000000000	 2.3141729305	 2.3146209522	 4.48022e-004

****
h=     0.012500
            x	            y	           yc	            e
 0.0000000000	 1.0000000000	 1.0000000000	 0.00000e+000
 0.0125000000	 1.0001562500	 1.0001565786	 3.28578e-007
 0.0250000000	 1.0006269776	 1.0006276532	 6.75569e-007
 0.0375000000	 1.0014142463	 1.0014152875	 1.04116e-006
 0.0500000000	 1.0025201943	 1.0025216199	 1.42554e-006
 0.0625000000	 1.0039470348	 1.0039488637	 1.82891e-006
 0.0750000000	 1.0056970567	 1.0056993081	 2.25147e-006
 0.0875000000	 1.0077726255	 1.0077753189	 2.69344e-006
 0.1000000000	 1.0101761839	 1.0101793389	 3.15504e-006
 0.1125000000	 1.0129102525	 1.0129138890	 3.63650e-006
 0.1250000000	 1.0159774305	 1.0159815685	 4.13805e-006
 0.1375000000	 1.0193803963	 1.0193850563	 4.65994e-006
 0.1500000000	 1.0231219088	 1.0231271112	 5.20242e-006
 0.1625000000	 1.0272048074	 1.0272105732	 5.76575e-006
 0.1750000000	 1.0316320135	 1.0316383637	 6.35019e-006
 0.1875000000	 1.0364065309	 1.0364134869	 6.95601e-006
 0.2000000000	 1.0415314467	 1.0415390302	 7.58351e-006
 0.2125000000	 1.0470099322	 1.0470181652	 8.23297e-006
 0.2250000000	 1.0528452440	 1.0528541487	 8.90469e-006
 0.2375000000	 1.0590407243	 1.0590503233	 9.59898e-006
 0.2500000000	 1.0655998024	 1.0656101186	 1.03162e-005
 0.2625000000	 1.0725259952	 1.0725370518	 1.10565e-005
 0.2750000000	 1.0798229085	 1.0798347289	 1.18205e-005
 0.2875000000	 1.0874942375	 1.0875068457	 1.26083e-005
 0.3000000000	 1.0955437682	 1.0955571885	 1.34203e-005
 0.3125000000	 1.1039753784	 1.1039896353	 1.42569e-005
 0.3250000000	 1.1127930382	 1.1128081567	 1.51185e-005
 0.3375000000	 1.1220008116	 1.1220168170	 1.60055e-005
 0.3500000000	 1.1316028573	 1.1316197754	 1.69181e-005
 0.3625000000	 1.1416034299	 1.1416212868	 1.78569e-005
 0.3750000000	 1.1520068808	 1.1520257030	 1.88222e-005
 0.3875000000	 1.1628176594	 1.1628374739	 1.98144e-005
 0.4000000000	 1.1740403144	 1.1740611485	 2.08341e-005
 0.4125000000	 1.1856794947	 1.1857013762	 2.18815e-005
 0.4250000000	 1.1977399508	 1.1977629079	 2.29572e-005
 0.4375000000	 1.2102265358	 1.2102505973	 2.40615e-005
 0.4500000000	 1.2231442068	 1.2231694018	 2.51951e-005
 0.4625000000	 1.2364980259	 1.2365243842	 2.63583e-005
 0.4750000000	 1.2502931620	 1.2503207136	 2.75516e-005
 0.4875000000	 1.2645348914	 1.2645636670	 2.87755e-005
 0.5000000000	 1.2792285995	 1.2792586301	 3.00306e-005
 0.5125000000	 1.2943797821	 1.2944110995	 3.13174e-005
 0.5250000000	 1.3099940467	 1.3100266831	 3.26363e-005
 0.5375000000	 1.3260771140	 1.3261111021	 3.39880e-005
 0.5500000000	 1.3426348192	 1.3426701922	 3.53730e-005
 0.5625000000	 1.3596731132	 1.3597099051	 3.67918e-005
 0.5750000000	 1.3771980648	 1.3772363098	 3.82451e-005
 0.5875000000	 1.3952158611	 1.3952555944	 3.97333e-005
 0.6000000000	 1.4137328101	 1.4137740673	 4.12572e-005
 0.6125000000	 1.4327553413	 1.4327981587	 4.28174e-005
 0.6250000000	 1.4522900081	 1.4523344224	 4.44144e-005
 0.6375000000	 1.4723434886	 1.4723895374	 4.60488e-005
 0.6500000000	 1.4929225878	 1.4929703093	 4.77215e-005
 0.6625000000	 1.5140342388	 1.5140836718	 4.94330e-005
 0.6750000000	 1.5356855049	 1.5357366888	 5.11839e-005
 0.6875000000	 1.5578835809	 1.5579365560	 5.29751e-005
 0.7000000000	 1.5806357952	 1.5806906023	 5.48072e-005
 0.7125000000	 1.6039496109	 1.6040062918	 5.66808e-005
 0.7250000000	 1.6278326286	 1.6278912254	 5.85969e-005
 0.7375000000	 1.6522925870	 1.6523531431	 6.05560e-005
 0.7500000000	 1.6773373659	 1.6773999249	 6.25590e-005
 0.7625000000	 1.7029749871	 1.7030395938	 6.46067e-005
 0.7750000000	 1.7292136170	 1.7292803168	 6.66998e-005
 0.7875000000	 1.7560615681	 1.7561304072	 6.88392e-005
 0.8000000000	 1.7835273010	 1.7835983266	 7.10256e-005
 0.8125000000	 1.8116194268	 1.8116926867	 7.32599e-005
 0.8250000000	 1.8403467084	 1.8404222514	 7.55430e-005
 0.8375000000	 1.8697180632	 1.8697959390	 7.78758e-005
 0.8500000000	 1.8997425649	 1.8998228240	 8.02591e-005
 0.8625000000	 1.9304294458	 1.9305121396	 8.26938e-005
 0.8750000000	 1.9617880985	 1.9618732794	 8.51809e-005
 0.8875000000	 1.9938280786	 1.9939157999	 8.77213e-005
 0.9000000000	 2.0265591066	 2.0266494226	 9.03160e-005
 0.9125000000	 2.0599910706	 2.0600840365	 9.29659e-005
 0.9250000000	 2.0941340278	 2.0942296998	 9.56720e-005
 0.9375000000	 2.1289982076	 2.1290966430	 9.84354e-005
 0.9500000000	 2.1645940136	 2.1646952706	 1.01257e-004
 0.9625000000	 2.2009320259	 2.2010361639	 1.04138e-004
 0.9750000000	 2.2380230039	 2.2381300833	 1.07079e-004
 0.9875000000	 2.2758778884	 2.2759879707	 1.10082e-004
 1.0000000000	 2.3145078045	 2.3146209522	 1.13148e-004


h	E	n
0.1	0.00220611	10
0.05	0.000556811	20
0.025	0.00013971	40
0.0125	3.49805e-005	80
h=0.1	h=0.05	h=0.025	h=0.0125
x	y	x	y	x	y	x	y
0.0125	1.000156578578	0.0125	1.00015625	0.025	1.000625	0.05	1.0025	0.1	1.01	
0.025	1.000627653159	0.025	1.00062697759	0.05	1.002516017263	0.1	1.010131302741	0.2	1.041101709181	
0.0375	1.001415287506	0.0375	1.001414246348	0.075	1.005690453626	0.15	1.023047652017	0.3	1.094775583762	
0.05	1.002521619879	0.05	1.002520194342	0.1	1.010166923552	0.2	1.041422900869	0.4	1.172839239645	
0.0625	1.003948863681	0.0625	1.003947034775	0.125	1.015965276155	0.25	1.065451799992	0.5	1.277488419041	
0.075	1.005699308126	0.075	1.005697056657	0.15	1.023106618262	0.3	1.095350856491	0.6	1.411333078736	
0.0875	1.007775318918	0.0875	1.007772625477	0.175	1.031613338533	0.35	1.131359266092	0.7	1.57743910198	
0.1	1.01017933895	0.1	1.010176183907	0.2	1.041509132653	0.4	1.173739922089	0.8	1.779376207021	
0.1125	1.012913889011	0.1125	1.012910252509	0.225	1.052819029629	0.45	1.222780504594	0.9	2.021272703623	
0.125	1.015981568522	0.125	1.015977430467	0.25	1.065569419209	0.5	1.27879465388	1	2.307877835444	
0.1375	1.019385056276	0.1375	1.019380396332	0.275	1.079788080449	0.55	1.342123231895	
0.15	1.023127111205	0.15	1.023121908783	0.3	1.095504211459	0.6	1.41313567629	
0.1625	1.027210573155	0.1625	1.027204807408	0.325	1.11274846034	0.65	1.492231451602	
0.175	1.031638363684	0.175	1.031632013498	0.35	1.131552957358	0.7	1.57984160253	
0.1875	1.036413486874	0.1875	1.036406530861	0.375	1.151951348365	0.75	1.676430414589	
0.2	1.041539030165	0.2	1.041531446654	0.4	1.173978829516	0.8	1.782497187735	
0.2125	1.047018165199	0.2125	1.047009932228	0.425	1.197672183287	0.85	1.898578128936	
0.225	1.052854148689	0.225	1.052845243997	0.45	1.223069815852	0.9	2.02524837003	
0.2375	1.059050323302	0.2375	1.059040724322	0.475	1.250211795834	0.95	2.163124117601	
0.25	1.065610118561	0.25	1.065599802408	0.5	1.279139894466	1	2.312864942033	
0.2625	1.072537051766	0.2625	1.072525995231	0.525	1.309897627202	
0.275	1.07983472893	0.275	1.079822908473	0.55	1.342530296812	
0.2875	1.087506845742	0.2875	1.08749423748	0.575	1.37708503799	
0.3	1.095557188542	0.3	1.095543768241	0.6	1.413610863526	
0.3125	1.103989635312	0.3125	1.10397537838	0.625	1.452158712074	
0.325	1.112808156699	0.325	1.112793038175	0.65	1.49278149755	
0.3375	1.122016817044	0.3375	1.12200081159	0.675	1.535534160223	
0.35	1.131619775441	0.35	1.131602857331	0.7	1.580473719512	
0.3625	1.141621286809	0.3625	1.141603429922	0.725	1.627659328563	
0.375	1.152025702989	0.375	1.152006880795	0.75	1.677152330633	
0.3875	1.162837473857	0.3875	1.162817659415	0.775	1.729016317335	
0.4	1.174061148465	0.4	1.174040314406	0.8	1.783317188792	
0.4125	1.185701376196	0.4125	1.185679494715	0.825	1.840123215752	
0.425	1.197762907942	0.425	1.197739950791	0.85	1.899505103709	
0.4375	1.210250597306	0.4375	1.21022653578	0.875	1.9615360591	
0.45	1.223169401824	0.45	1.223144206753	0.9	2.026291857606	
0.4625	1.236524384211	0.4625	1.236498025947	0.925	2.093850914646	
0.475	1.250320713623	0.475	1.250293162034	0.95	2.164294358095	
0.4875	1.264563666952	0.4875	1.264534891406	0.975	2.237706103302	
0.5	1.279258630135	0.5	1.279228599491	1	2.314172930462	
0.5125	1.294411099488	0.5125	1.294379782087	
0.525	1.310026683069	0.525	1.309994046721	
0.5375	1.326111102059	0.5375	1.326077114029	
0.55	1.342670192166	0.55	1.342634819168	
0.5625	1.359709905058	0.5625	1.35967311324	
0.575	1.377236309822	0.575	1.377198064753	
0.5875	1.395255594436	0.5875	1.395215861097	
0.6	1.413774067285	0.6	1.413732810054	
0.6125	1.432798158686	0.6125	1.432755341326	
0.625	1.452334422445	0.625	1.452290008094	
0.6375	1.472389537445	0.6375	1.472343488601	
0.65	1.492970309254	0.65	1.49292258776	
0.6625	1.51408367176	0.6625	1.514034238796	
0.675	1.535736688838	0.675	1.535685504904	
0.6875	1.557936556043	0.6875	1.557883580945	
0.7	1.580690602326	0.7	1.580635795165	
0.7125	1.604006291786	0.7125	1.603949610941	
0.725	1.627891225446	0.725	1.627832628562	
0.7375	1.652353143058	0.7375	1.652292587029	
0.75	1.677399924939	0.75	1.677337365898	
0.7625	1.703039593837	0.7625	1.702974987138	
0.775	1.729280316829	0.775	1.729213617029	
0.7875	1.75613040724	0.7875	1.756061568089	
0.8	1.783598326608	0.8	1.783527301032	
0.8125	1.811692686669	0.8125	1.811619426753	
0.825	1.840422251379	0.825	1.840346708351	
0.8375	1.869795938965	0.8375	1.869718063179	
0.85	1.899822824012	0.85	1.899742564934	
0.8625	1.93051213958	0.8625	1.930429445771	
0.875	1.961873279361	0.875	1.961788098456	
0.8875	1.993915799859	0.8875	1.993828078555	
0.9	2.026649422615	0.9	2.026559106649	
0.9125	2.060084036461	0.9125	2.059991070594	
0.925	2.094229699811	0.925	2.094134027811	
0.9375	2.12909664299	0.9375	2.128998207612	
0.95	2.164695270595	0.95	2.164594013561	
0.9625	2.201036163895	0.9625	2.200932025879	
0.975	2.238130083272	0.975	2.238023003877	
0.9875	2.275987970692	0.9875	2.275877888432	
1	2.314620952223	1	2.314507804501	

